t , y
0.0 , 1.0, 0.0
0.05005005005005005 , 0.8116381921571453, 0.09788111981561823
0.1001001001001001 , 0.6443189949755022, 0.192443892478748
0.15015015015015015 , 0.4946117291747062, 0.2852191570781254
0.2002002002002002 , 0.35957970424475844, 0.37761471676400193
0.2502502502502503 , 0.2365022972206321, 0.4710148737198203
0.3003003003003003 , 0.12287325247219105, 0.5667810320482995
0.3503503503503504 , 0.01644571209296619, 0.6662439276158129
0.4004004004004004 , -0.08457577155633428, 0.7706400377062985
0.45045045045045046 , -0.18182254969068412, 0.881218280876593
0.5005005005005005 , -0.2768904529422817, 0.9992989941584935
0.5505505505505506 , -0.3713399102679423, 1.126274024943325
0.6006006006006006 , -0.4666958494792385, 1.263606759657574
0.6506506506506506 , -0.5643571632672242, 1.4128249414578458
0.7007007007007008 , -0.6655411303545534, 1.5754949089881145
0.7507507507507508 , -0.7715072658936419, 1.7533232683834947
0.8008008008008008 , -0.8835746696739133, 1.9481883375338915
0.8508508508508509 , -1.0031220261217992, 2.1621401460839995
0.9009009009009009 , -1.1315876043007382, 2.397400435433302
0.9509509509509511 , -1.2704954695702617, 2.656426803015119
1.001001001001001 , -1.4213269420098562, 2.9418271210007028
1.0510510510510511 , -1.5856080714734881, 3.2564082534742704
1.1011011011011012 , -1.7650541321882058, 3.6033515302916737
1.1511511511511512 , -1.961570144460033, 3.986213507311292
1.2012012012012012 , -2.1772508746739687, 4.408925966394035
1.2512512512512513 , -2.4143808352939855, 4.875795915403339
1.3013013013013013 , -2.6754342848630333, 5.39150558820517
1.3513513513513515 , -2.9631168859333115, 5.961212788626535
1.4014014014014016 , -3.2804323084674047, 6.590850609903052
1.4514514514514516 , -3.630355835410015, 7.286353478868288
1.5015015015015016 , -4.016291231702119, 8.054496080275975
1.5515515515515517 , -4.4421318559610405, 8.903022040271654
1.6016016016016017 , -4.912260660480463, 9.840643926392676
1.6516516516516517 , -5.431550191230416, 10.877043247568196
1.7017017017017018 , -6.00536258785728, 12.02287045411918
1.7517517517517518 , -6.639549583683793, 13.289744937758407
1.8018018018018018 , -7.340452505709042, 14.690255031590455
1.8518518518518519 , -8.114902274608463, 16.237958010111715
1.9019019019019021 , -8.970839004477906, 17.94867982802577
1.9519519519519521 , -9.917083910560281, 19.840135065844784
2.002002002002002 , -10.962215118067755, 21.929488701006694
2.052052052052052 , -12.116308406776216, 24.236894311507665
2.1021021021021022 , -13.390979618239458, 26.785581583611176
2.1521521521521523 , -14.799384655789186, 29.601856311847975
2.2022022022022023 , -16.356219484535007, 32.71510039901614
2.2522522522522523 , -18.07772013136444, 36.157771856181036
2.3023023023023024 , -19.981662684942915, 39.96540480267531
2.3523523523523524 , -22.087363295713754, 44.17660946609892
2.4024024024024024 , -24.415678175898208, 48.833072182319135
2.4524524524524525 , -26.989003599495405, 53.97955539547049
2.5025025025025025 , -29.831727583790812, 59.66480467851382
2.5525525525525525 , -32.975748753404204, 65.95264904647829
2.6026026026026026 , -36.45009929845563, 72.90117214881228
2.6526526526526526 , -40.28662215446522, 80.57406182913999
2.702702702702703 , -44.522785335296334, 89.04625517917944
2.752752752752753 , -49.20168193315541, 98.40393853874204
2.802802802802803 , -54.37203011859217, 108.74454749573314
2.852852852852853 , -60.088173140499535, 120.17676688615171
2.902902902902903 , -66.41007932611353, 132.82053079409042
2.9529529529529532 , -73.40334208101346, 146.8070225517356
3.0030030030030033 , -81.13917988912176, 162.27867473936726
3.0530530530530533 , -89.69443631270408, 179.38916918535918
3.1031031031031033 , -99.15157999236928, 198.3034369661787
3.1531531531531534 , -109.59870464706934, 219.19765840638695
3.2032032032032034 , -121.14541686187742, 242.291047260976
3.2532532532532534 , -133.9136792793756, 267.8275394067291
3.3033033033033035 , -148.01532627163112, 296.0308042614428
3.3533533533533535 , -163.58381571226752, 327.1677579193458
3.4034034034034035 , -180.77459434643663, 361.549294045249
3.4534534534534536 , -199.76509779081834, 399.53028387454583
3.5035035035035036 , -220.7547505336209, 441.5095762132119
3.5535535535535536 , -243.96496593458062, 487.92999743780524
3.6036036036036037 , -269.6391462249622, 539.2783514954662
3.6536536536536537 , -298.0426825075583, 596.0854199039173
3.7037037037037037 , -329.4629547566902, 658.9259617514639
3.753753753753754 , -364.20933181820703, 728.4187136969933
3.8038038038038042 , -402.6131714094859, 805.2263899699747
3.8538538538538543 , -445.0281031622224, 890.0562484620334
3.9039039039039043 , -491.9249285210097, 983.8498930489925
3.9539539539539543 , -543.7692943419622, 1087.5386190908719
4.004004004004004 , -601.0192263639843, 1202.0384781584435
4.054054054054054 , -664.2211462465755, 1328.4423136325975
4.104104104104104 , -734.0098715698314, 1468.0197607043415
4.1541541541541545 , -811.1086158344426, 1622.217246374801
4.2042042042042045 , -896.3289884616959, 1792.65798945522
4.2542542542542545 , -990.5709947934731, 1981.1420005669593
4.3043043043043046 , -1094.823036092252, 2189.6460821414985
4.354354354354355 , -1210.161909541106, 2420.3238284204353
4.404404404404405 , -1337.7528082437036, 2675.5056254554834
4.454454454454455 , -1478.8493212243093, 2957.6986511084774
4.504504504504505 , -1634.793433427783, 3269.5868750513673
4.554554554554555 , -1807.0176116957668, 3614.0352307205603
4.604604604604605 , -1997.4470493763263, 3994.894105012984
4.654654654654655 , -2207.9614732510104, 4415.922951785367
4.704704704704705 , -2440.4198586244165, 4880.83972166362
4.754754754754755 , -2697.040656045937, 5394.081315757743
4.804804804804805 , -2980.401791309761, 5960.803585661828
4.854854854854855 , -3293.440665454874, 6586.8813334540555
4.904904904904905 , -3639.4541547650556, 7278.908311696696
4.954954954954955 , -4022.0986107688855, 8044.1972234361165
5.005005005005005 , -4445.389860239734, 8890.77972220277
5.055055055055055 , -4913.703205195772, 9827.4064120112
5.105105105105105 , -5431.773422899964, 10863.546847360043
5.155155155155155 , -6004.694765860073, 12009.389533232023
5.205205205205205 , -6637.920961828655, 13275.841925093966
5.255255255255255 , -7337.26615464787, 14674.53231058643
5.305305305305305 , -8110.451924203201, 16220.903849509516
5.355355355355356 , -8965.261898034312, 17930.523796999936
5.405405405405406 , -9909.202597598, 19818.4051959743
5.455455455455456 , -10951.249410345972, 21902.498821338068
5.505505505505506 , -12101.8465897248, 24203.693179985457
5.555555555555556 , -13372.90725517592, 26745.814510799453
5.605605605605606 , -14777.813392135644, 29555.626784651828
5.655655655655656 , -16331.415852035156, 32662.831704403114
5.705705705705706 , -18050.034352300507, 36100.06870490263
5.755755755755756 , -19951.457476352625, 39902.91495298847
5.805805805805806 , -22054.942673607307, 44109.88534748751
5.855855855855856 , -24381.216259475223, 48762.43251921536
5.9059059059059065 , -26952.473415361907, 53904.94683097647
5.9559559559559565 , -29792.378188667775, 59584.75637756403
6.0060060060060065 , -32931.5382746491, 65863.07654949366
6.056056056056057 , -36402.564447528755, 72805.12889522266
6.106106106106107 , -40235.715605047735, 80471.43121023357
6.156156156156157 , -44467.245899419075, 88934.4917989528
6.206206206206207 , -49139.4234273869, 98278.84685486884
6.256256256256257 , -54300.53023022648, 108601.06046053226
6.306306306306307 , -60004.86229374419, 120009.72458755567
6.356356356356357 , -66312.72954827752, 132625.45909661375
6.406406406406407 , -73290.4558686951, 146580.91173744324
6.456456456456457 , -81010.37907439668, 162020.75814884304
6.506506506506507 , -89550.85092931309, 179101.701858674
6.556556556556557 , -98996.23714190631, 197992.47428385916
6.606606606606607 , -109436.91736516952, 218873.8347303835
6.656656656656657 , -120969.2851966268, 241938.57039329418
6.706706706706707 , -133714.30138436862, 267428.60276877193
6.756756756756757 , -147808.58893569838, 295617.1778714261
6.806806806806807 , -163374.37819523853, 326748.7563905015
6.856856856856857 , -180557.98728307168, 361115.9745661636
6.906906906906907 , -199530.37750060542, 399060.75500122766
6.956956956956957 , -220487.15333057233, 440974.3066611586
7.007007007007007 , -243648.5624370297, 487297.1248740712
7.057057057057057 , -269259.49566535983, 538518.99133073
7.107107107107107 , -297589.4870422699, 595178.9740845491
7.157157157157157 , -328932.7137757919, 657865.4275515927
7.207207207207207 , -363607.9962552829, 727215.9925105744
7.257257257257257 , -401958.79805142456, 803917.5961028577
7.307307307307307 , -444353.2259162237, 888706.451832456
7.357357357357357 , -491184.0297830121, 982368.0595660325
7.407407407407407 , -542929.3822641503, 1085858.7645283071
7.4574574574574575 , -600159.3589789281, 1200318.7179578615
7.507507507507508 , -663369.5196006044, 1326739.0392012133
7.557557557557558 , -733150.084142362, 1466300.1682847277
7.6076076076076085 , -810192.2872551833, 1620384.5745103694
7.6576576576576585 , -895288.378227846, 1790576.7564556946
7.7077077077077085 , -989331.6209869244, 1978663.241973851
7.7577577577577586 , -1093316.2940967893, 2186632.5881935814
7.807807807807809 , -1208337.690759608, 2416675.3815192194
7.857857857857859 , -1335592.1188153448, 2671184.2376306923
7.907907907907909 , -1476376.900741759, 2952753.8014835217
7.957957957957959 , -1632090.3736544084, 3264180.747308821
8.008008008008009 , -1804231.8893066454, 3608463.778613296
8.058058058058059 , -1994401.8140896203, 3988803.6281792466
8.108108108108109 , -2204493.625398863, 4408987.250797728
8.158158158158159 , -2436873.3827497764, 4873746.765499553
8.208208208208209 , -2693559.041027843, 5387118.082055687
8.258258258258259 , -2976930.5229689367, 5953861.045937874
8.308308308308309 , -3289781.879218593, 6579563.7584371865
8.358358358358359 , -3635321.2883320125, 7270642.576664027
8.408408408408409 , -4017171.0567740593, 8034342.113548124
8.458458458458459 , -4439367.618919264, 8878735.237838537
8.508508508508509 , -4906361.537051818, 9812723.07410365
8.558558558558559 , -5423017.501365581, 10846035.002731178
8.608608608608609 , -5994614.329964073, 11989228.659928173
8.65865865865866 , -6626844.968860481, 13253689.937720994
8.70870870870871 , -7325816.491977656, 14651632.983955355
8.75875875875876 , -8098050.10114811, 16196100.202296278
8.80880880880881 , -8951062.202209631, 17902124.404419262
8.85885885885886 , -9894616.01456788, 19789232.029135764
8.90890890890891 , -10936968.10947492, 21873936.21894984
8.95895895895896 , -12087711.77212477, 24175423.544249535
9.00900900900901 , -13358138.182706598, 26716276.365413196
9.05905905905906 , -14761236.416404732, 29522472.832809463
9.10910910910911 , -16311693.443398641, 32623386.88679728
9.15915915915916 , -18025894.128862944, 36051788.25772589
9.20920920920921 , -19921921.232967414, 39843842.465934835
9.25925925925926 , -22019555.41087697, 44039110.82175396
9.30930930930931 , -24340275.212751694, 48680550.425503395
9.35935935935936 , -26907257.08374679, 53814514.1674936
9.40940940940941 , -29745375.364012636, 59490750.7280253
9.45945945945946 , -32881202.28869476, 65762404.57738955
9.50950950950951 , -36344665.36116138, 72689330.72232278
9.55955955955956 , -40175806.62704697, 80351613.25409397
9.60960960960961 , -44408578.62938377, 88817157.25876758
9.65965965965966 , -49081638.94261348, 98163277.88522701
9.70970970970971 , -54240606.56478885, 108481213.12957776
9.75975975975976 , -59938061.91757364, 119876123.83514735
9.80980980980981 , -66233546.84624269, 132467093.69248542
9.85985985985986 , -73193564.6196818, 146387129.23936367
9.90990990990991 , -80891579.93038791, 161783159.86077583
9.95995995995996 , -89408018.8944689, 178816037.78893775
10.01001001001001 , -98830269.0516437, 197660538.10328734
10.06006006006006 , -109252679.36524227, 218505358.73048443
10.11011011011011 , -120776560.2222057, 241553120.4444112
10.16016016016016 , -133510183.43308595, 267020366.86617166
10.21021021021021 , -147573123.24107766, 295146246.4821552
10.26026026026026 , -163128561.06750232, 326257122.1350045
10.31031031031031 , -180316843.27304876, 360633686.54609746
10.36036036036036 , -199293697.2556761, 398587394.5113521
10.41041041041041 , -220243392.77113906, 440486785.54227805
10.46046046046046 , -243378741.932988, 486757483.865976
10.51051051051051 , -268941099.21256894, 537882198.4251378
10.56056056056056 , -297200361.43902344, 594400722.8780469
10.61061061061061 , -328454967.79928875, 656909935.5985774
10.66066066066066 , -363031899.8380976, 726063799.6761951
10.710710710710712 , -401286681.45798004, 802573362.9159601
10.760760760760762 , -443603378.9192573, 887206757.8385146
10.810810810810812 , -490394600.8400504, 980789201.6801008
10.860860860860862 , -542101498.1962748, 1084202996.392549
10.910910910910912 , -599203686.2646035, 1198407372.529207
10.960960960960962 , -662361683.2724673, 1324723366.5449345
11.011011011011012 , -732158698.6014509, 1464317397.2029018
11.061061061061062 , -809221859.9804869, 1618443719.9609737
11.111111111111112 , -894295321.4531685, 1788590642.906337
11.161161161161163 , -988240263.3777505, 1976480526.755501
11.211211211211213 , -1092034892.4271488, 2184069784.8542976
11.261261261261263 , -1206774441.5889406, 2413548883.1778812
11.311311311311313 , -1333671170.1653643, 2667342340.3307285
11.361361361361363 , -1474054363.7733192, 2948108727.5466385
11.411411411411413 , -1629370334.3443663, 3258740668.6887326
11.461461461461463 , -1801182420.1247272, 3602364840.2494545
11.511511511511513 , -1991170985.675286, 3982341971.350572
11.561561561561563 , -2201133421.8715863, 4402266843.743173
11.611611611611613 , -2433001734.8195715, 4866003469.639143
11.661661661661663 , -2689430018.98616, 5378860037.97232
11.711711711711713 , -2972854667.8731327, 5945709335.746266
11.761761761761763 , -3285800344.497433, 6571600688.994866
11.811811811811813 , -3631271531.4971423, 7262543062.994285
11.861861861861863 , -4012752531.131482, 8025505062.262962
11.911911911911913 , -4434207465.280813, 8868414930.561625
11.961961961961963 , -4900080275.446638, 9800160550.893269
12.012012012012013 , -5415294722.751597, 10830589445.503183
12.062062062062063 , -5985254387.93947, 11970508775.878925
12.112112112112113 , -6615842671.375179, 13231685342.750336
12.162162162162163 , -7313422793.044783, 14626845586.089537
12.212212212212213 , -8084837792.555481, 16169675585.110922
12.262262262262263 , -8937410529.135616, 17874821058.271183
12.312312312312313 , -9878959893.819523, 19757919787.63904
12.362362362362363 , -10920064537.17456, 21840129074.349113
12.412412412412413 , -12070956021.75259, 24141912043.505173
12.462462462462463 , -13341794549.654655, 26683589099.3093
12.512512512512513 , -14744707633.02414, 29489415266.048264
12.562562562562563 , -16293790094.046768, 32587580188.093533
12.612612612612613 , -18005104064.95061, 36010208129.90122
12.662662662662663 , -19896678988.00608, 39793357976.01217
12.712712712712714 , -21988511615.525925, 43977023231.05189
12.762762762762764 , -24302566009.86525, 48605132019.73056
12.812812812812814 , -26862773543.421486, 53725547086.84306
12.862862862862864 , -29695032898.63443, 59390065797.26896
12.912912912912914 , -32827210067.986176, 65654420135.97249
12.962962962962964 , -36289138354.00122, 72578276708.00262
13.013013013013014 , -40112618369.24635, 80225236738.49292
13.063063063063064 , -44339433025.616936, 88678866051.23392
13.113113113113114 , -49012765942.68859, 98025531885.37721
13.163163163163164 , -54173492103.95975, 108346984207.91951
13.213213213213214 , -59870551704.700485, 119741103409.40097
13.263263263263264 , -66160951117.2633, 132321902234.52658
13.313313313313314 , -73109762891.08313, 146219525782.16623
13.363363363363364 , -80790125752.67734, 161580251505.35464
13.413413413413414 , -89283244605.64578, 178566489211.2915
13.463463463463464 , -98678390530.67065, 197356781061.34122
13.513513513513514 , -109072900785.51665, 218145801571.0332
13.563563563563564 , -120572178805.03087, 241144357610.06165
13.613613613613614 , -133289694201.1429, 266579388402.28558
13.663663663663664 , -147346982762.86465, 294693965525.7291
13.713713713713714 , -162873646456.29065, 325747292912.581
13.763763763763764 , -180034239283.26382, 360068478566.5277
13.813813813813814 , -199010656560.13477, 398021313120.26953
13.863863863863864 , -219967700089.617, 439935400179.2339
13.913913913913914 , -243102815809.44827, 486205631618.8965
13.963963963963964 , -268646521832.03412, 537293043664.06824
14.014014014014014 , -296862408444.44794, 593724816888.8958
14.064064064064064 , -328047138108.43054, 656094276216.8613
14.114114114114114 , -362530445460.3911, 725060890920.7825
14.164164164164164 , -400675137311.406, 801350274622.8125
14.214214214214214 , -442877092647.21954, 885754185294.4402
14.264264264264265 , -489565262628.244, 979130525256.4895
14.314314314314315 , -541201670589.5593, 1082403341179.1204
14.364364364364365 , -598281412040.913, 1196562824081.828
14.414414414414415 , -661332654666.7205, 1322665309333.443
14.464464464464465 , -731004746922.8344, 1462009493845.6694
14.514514514514515 , -808058968425.2751, 1616117936850.551
14.564564564564565 , -893162521740.3672, 1786325043480.735
14.614614614614615 , -987111778163.7178, 1974223556327.4365
14.664664664664665 , -1090838708394.0402, 2181677416788.0813
14.714714714714715 , -1205410882533.1536, 2410821765066.3076
14.764764764764765 , -1332031470085.982, 2664062940171.965
14.814814814814815 , -1472039239960.5557, 2944078479921.1133
14.864864864864865 , -1626908560468.0115, 3253817120936.0254
14.914914914914915 , -1798249399322.5908, 3596498798645.185
14.964964964964967 , -1987807323641.648, 3975614647283.3013
15.015015015015017 , -2197463499945.624, 4394926999891.254
15.065065065065067 , -2429234694158.083, 4858469388316.174
15.115115115115117 , -2685273271605.6904, 5370546543211.393
15.165165165165167 , -2968147529880.3423, 5936295059760.684
15.215215215215217 , -3281024000719.602, 6562048001439.203
15.265265265265267 , -3626615901010.7783, 7253231802021.556
15.315315315315317 , -4008134406325.6855, 8016268812651.371
15.365365365365367 , -4429346664098.633, 8858693328197.266
15.415415415415417 , -4894575793626.424, 9789151587252.846
15.465465465465467 , -5408700886068.355, 10817401772136.707
15.515515515515517 , -5977157004446.219, 11954314008892.436
15.565565565565567 , -6605935183644.302, 13211870367288.602
15.615615615615617 , -7301582430409.385, 14603164860818.768
15.665665665665667 , -8071201723350.742, 16142403446701.479
15.715715715715717 , -8922452012940.143, 17844904025880.277
15.765765765765767 , -9863548221511.85, 19727096443023.695
15.815815815815817 , -10903261243262.625, 21806522486525.242
15.865865865865867 , -12051776078955.799, 24103552157911.598
15.915915915915917 , -13322183850792.45, 26644367701584.9
15.965965965965967 , -14725570344984.887, 29451140689969.773
16.016016016016017 , -16274880188239.508, 32549760376479.023
16.066066066066067 , -17985337550592.414, 35970675101184.83
16.116116116116117 , -19874446145409.383, 39748892290818.77
16.166166166166168 , -21961989229385.918, 43923978458771.836
16.216216216216218 , -24270029602547.18, 48540059205094.375
16.266266266266268 , -26822909608248.062, 53645819216496.14
16.316316316316318 , -29647251133173.14, 59294502266346.27
16.366366366366368 , -32771955607336.67, 65543911214673.34
16.416416416416418 , -36228204004082.63, 72456408008165.25
16.466466466466468 , -40049456840084.67, 80098913680169.34
16.516516516516518 , -44271454175346.18, 88542908350692.34
16.566566566566568 , -48934708107196.72, 97869416214393.4
16.616616616616618 , -54093008730433.58, 108186017460867.1
16.666666666666668 , -59791876535675.51, 119583753071350.92
16.716716716716718 , -66083477553625.4, 132166955107250.66
16.766766766766768 , -73029324183324.81, 146058648366649.5
16.816816816816818 , -80700275192154.1, 161400550384308.0
16.866866866866868 , -89176535715832.19, 178353071431664.25
16.916916916916918 , -98547657258416.84, 197095314516833.56
16.966966966966968 , -108912537692304.53, 217825075384608.97
17.017017017017018 , -120379421258230.3, 240758842516460.56
17.067067067067068 , -133065898565268.08, 266131797130536.12
17.117117117117118 , -147098906590830.38, 294197813181660.75
17.167167167167168 , -162614728680668.44, 325229457361336.9
17.217217217217218 , -179758994548872.4, 359517989097744.5
17.26726726726727 , -198693394195758.4, 397386788391517.1
17.31731731731732 , -219637552132229.84, 439275104264459.94
17.36736736736737 , -242779349579445.1, 485558699158890.4
17.41741741741742 , -268328948622239.62, 536657897244479.3
17.46746746746747 , -296534832442543.6, 593069664885087.4
17.51751751751752 , -327683805319382.4, 655367610638764.9
17.56756756756757 , -362100992628875.9, 724201985257751.9
17.61761761761762 , -400149840844238.75, 800299681688477.8
17.66766766766767 , -442232117535780.75, 884464235071562.1
17.71771771771772 , -488787911370906.5, 977575822741813.8
17.76776776776777 , -540295632114115.2, 1080591264228231.1
17.81781781781782 , -597272010627001.0, 1194544021254003.0
17.86786786786787 , -660272098868252.9, 1320544197736507.2
17.91791791791792 , -729889269893654.8, 1459778539787311.0
17.96796796796797 , -806771302401176.9, 1613542604802354.2
18.01801801801802 , -891808974944604.2, 1783617949889208.5
18.06806806806807 , -985781837118377.0, 1971563674236754.0
18.11811811811812 , -1089536306255553.0, 2179072612511105.8
18.16816816816817 , -1204075920233807.5, 2408151840467614.5
18.21821821821822 , -1330561337475434.0, 2661122674950867.5
18.26826826826827 , -1470310336947344.2, 2940620673894688.0
18.31831831831832 , -1624797818161067.5, 3249595636322136.0
18.36836836836837 , -1795655801172752.0, 3591311602345506.0
18.41841841841842 , -1984673426583163.2, 3969346853166329.5
18.46846846846847 , -2193796955537685.0, 4387593911075374.0
18.51851851851852 , -2425129769726319.0, 4850259539452642.0
18.56856856856857 , -2680932371383686.0, 5361864742767377.0
18.61861861861862 , -2963622383289022.0, 5927244766578052.0
18.66866866866867 , -3275805865366579.5, 6551611730733162.0
18.71871871871872 , -3621070000986756.0, 7242140001973514.0
18.76876876876877 , -4002666439751508.0, 8005332879503018.0
18.81881881881882 , -4424002975922408.5, 8848005951844818.0
18.86886886886887 , -4889131614585347.0, 9778263229170696.0
18.91891891891892 , -5402748571650534.0, 1.0805497143301068e+16
18.96896896896897 , -5970194273852498.0, 1.1940388547704996e+16
19.01901901901902 , -6597453358750086.0, 1.319490671750017e+16
19.06906906906907 , -7291154674726464.0, 1.4582309349452926e+16
19.11911911911912 , -8058571280989119.0, 1.6117142561978236e+16
19.16916916916917 , -8907620447569856.0, 1.7815240895139708e+16
19.21921921921922 , -9846863655324798.0, 1.969372731064959e+16
19.26926926926927 , -1.0885506595934384e+16, 2.1771013191868764e+16
19.31931931931932 , -1.2033399171903382e+16, 2.406679834380676e+16
19.36936936936937 , -1.3301073580336778e+16, 2.6602147160673544e+16
19.41941941941942 , -1.4702862515344228e+16, 2.9405725030688444e+16
19.46946946946947 , -1.6252400680612346e+16, 3.2504801361224684e+16
19.51951951951952 , -1.7963403700503024e+16, 3.592680740100605e+16
19.56956956956957 , -1.985222853178462e+16, 3.970445706356923e+16
19.61961961961962 , -2.193787346363194e+16, 4.387574692726387e+16
19.66966966966967 , -2.4241978117626256e+16, 4.848395623525251e+16
19.71971971971972 , -2.6788823447755304e+16, 5.357764689551061e+16
19.76976976976977 , -2.960533174041327e+16, 5.921066348082654e+16
19.81981981981982 , -3.272106661440081e+16, 6.544213322880162e+16
19.86986986986987 , -3.616823302092502e+16, 7.233646604185006e+16
19.91991991991992 , -3.998167724359949e+16, 7.9963354487199e+16
19.96996996996997 , -4.419888689844425e+16, 8.839777379688851e+16
20.02002002002002 , -4.885999093388576e+16, 9.771998186777157e+16
20.07007007007007 , -5.400776340228416e+16, 1.0801552680456829e+17
20.12012012012012 , -5.969896846672134e+16, 1.1939793693344266e+17
20.17017017017017 , -6.599107322818186e+16, 1.319821464563637e+17
20.22022022022022 , -7.293926073071933e+16, 1.4587852146143866e+17
20.27027027027027 , -8.060954376017133e+16, 1.6121908752034266e+17
20.32032032032032 , -8.907876484415926e+16, 1.7815752968831853e+17
20.37037037037037 , -9.84345962520885e+16, 1.9686919250417696e+17
20.42042042042042 , -1.0877553999514826e+17, 2.175510799902964e+17
20.47047047047047 , -1.2021092782631168e+17, 2.4042185565262323e+17
20.52052052052052 , -1.3286092124033584e+17, 2.6572184248067142e+17
20.57057057057057 , -1.4685651147376166e+17, 2.9371302294752294e+17
20.62062062062062 , -1.62339519504914e+17, 3.2467903900982746e+17
20.67067067067067 , -1.794625960539015e+17, 3.589251921078025e+17
20.72072072072072 , -1.9838922158261696e+17, 3.967784431652334e+17
20.77077077077077 , -2.1929370629473683e+17, 4.385874125894732e+17
20.82082082082082 , -2.4239953356463568e+17, 4.847990671292712e+17
20.87087087087087 , -2.6794918002498726e+17, 5.358983600499745e+17
20.92092092092092 , -2.9616489886764474e+17, 5.923297977352896e+17
20.97097097097097 , -3.273130342711033e+17, 6.546260685422067e+17
21.02102102102102 , -3.617043334987639e+17, 7.23408666997528e+17
21.07107107107107 , -3.996939468989335e+17, 7.993878937978673e+17
21.12112112112112 , -4.4168142790482464e+17, 8.833628558096497e+17
21.17117117117117 , -4.881107330345557e+17, 9.762214660691118e+17
21.22122122122122 , -5.394702218911509e+17, 1.078940443782302e+18
21.27127127127127 , -5.962926571625403e+17, 1.1925853143250806e+18
21.32132132132132 , -6.591552046215596e+17, 1.318310409243119e+18
21.371371371371374 , -7.286794331259557e+17, 1.4573588662519112e+18
21.421421421421424 , -8.055313146183661e+17, 1.6110626292367322e+18
21.471471471471475 , -8.904212241263485e+17, 1.7808424482526973e+18
21.521521521521525 , -9.842305180404356e+17, 1.9684610360808701e+18
21.571571571571575 , -1.0879758798458802e+18, 2.175951759691759e+18
21.621621621621625 , -1.2025559986992568e+18, 2.405111997398512e+18
21.671671671671675 , -1.3290452210236754e+18, 2.6580904420473487e+18
21.721721721721725 , -1.4686999505792082e+18, 2.937399901158415e+18
21.771771771771775 , -1.6229586484628905e+18, 3.24591729692578e+18
21.821821821821825 , -1.79344183310872e+18, 3.586883666217439e+18
21.871871871871875 , -1.981952080287657e+18, 3.9639041605753144e+18
21.921921921921925 , -2.190474023107624e+18, 4.38094804621525e+18
21.971971971971975 , -2.4211743520135066e+18, 4.842348704027015e+18
22.022022022022025 , -2.676401814787152e+18, 5.35280362957431e+18
22.072072072072075 , -2.9586872165473725e+18, 5.91737443309475e+18
22.122122122122125 , -3.27074341974994e+18, 6.541486839499886e+18
22.172172172172175 , -3.61546534418759e+18, 7.230930688375188e+18
22.222222222222225 , -3.9963364811543583e+18, 7.992672962308719e+18
22.272272272272275 , -4.4175932302180116e+18, 8.835186460436025e+18
22.322322322322325 , -4.882885339873191e+18, 9.765770679746382e+18
22.372372372372375 , -5.396545201415217e+18, 1.0793090402830432e+19
22.422422422422425 , -5.963651660445735e+18, 1.1927303320891466e+19
22.472472472472475 , -6.590030016872714e+18, 1.318006003374542e+19
22.522522522522525 , -7.282252024910449e+18, 1.4564504049820885e+19
22.572572572572575 , -8.047635893079556e+18, 1.6095271786159096e+19
22.622622622622625 , -8.894246284206983e+18, 1.7788492568413942e+19
22.672672672672675 , -9.83089431542599e+18, 1.966178863085195e+19
22.722722722722725 , -1.086713755817617e+19, 2.17342751163523e+19
22.772772772772775 , -1.2013280038203443e+19, 2.4026560076406837e+19
22.822822822822825 , -1.3280372235560047e+19, 2.656074447112003e+19
22.872872872872875 , -1.468021108460454e+19, 2.936042216920901e+19
22.922922922922925 , -1.6226599840971233e+19, 3.2453199681942467e+19
22.972972972972975 , -1.7937083644119953e+19, 3.5874167288239907e+19
23.023023023023026 , -1.9826553961508205e+19, 3.965310792301642e+19
23.073073073073076 , -2.1912476623076516e+19, 4.382495324615303e+19
23.123123123123126 , -2.4215378000244945e+19, 4.84307560004899e+19
23.173173173173176 , -2.675884500591313e+19, 5.351769001182625e+19
23.223223223223226 , -2.956952509446023e+19, 5.913905018892046e+19
23.273273273273276 , -3.2677126261744992e+19, 6.5354252523489985e+19
23.323323323323326 , -3.6114417045105705e+19, 7.22288340902114e+19
23.373373373373376 , -3.991722652336019e+19, 7.983445304672036e+19
23.423423423423426 , -4.412444431680584e+19, 8.824888863361165e+19
23.473473473473476 , -4.877802058721961e+19, 9.755604117443917e+19
23.523523523523526 , -5.392296603785799e+19, 1.0784593207571595e+20
23.573573573573576 , -5.960735191345703e+19, 1.1921470382691402e+20
23.623623623623626 , -6.588603231581484e+19, 1.3177206463162966e+20
23.673673673673676 , -7.283122784653667e+19, 1.4566245569307333e+20
23.723723723723726 , -8.050399656741857e+19, 1.6100799313483714e+20
23.773773773773776 , -8.897473072353065e+19, 1.7794946144706134e+20
23.823823823823826 , -9.832637110319442e+19, 1.9665274220638883e+20
23.873873873873876 , -1.0865440703798267e+20, 2.1730881407596534e+20
23.923923923923926 , -1.2006687640271962e+20, 2.4013375280543918e+20
23.973973973973976 , -1.3268436561548078e+20, 2.653687312309614e+20
24.024024024024026 , -1.4664000963759309e+20, 2.9328001927518595e+20
24.074074074074076 , -1.620794919736348e+20, 3.241589839472692e+20
24.124124124124126 , -1.7916104467143544e+20, 3.5832208934287036e+20
24.174174174174176 , -1.9805544832207608e+20, 3.961108966441515e+20
24.224224224224226 , -2.18946032059889e+20, 4.378920641197771e+20
24.274274274274276 , -2.4202867356245783e+20, 4.840573471249147e+20
24.324324324324326 , -2.675220797694064e+20, 5.3504415953881255e+20
24.374374374374376 , -2.957216759596019e+20, 5.914433519192037e+20
24.424424424424426 , -3.268790936004873e+20, 6.537581872009744e+20
24.474474474474476 , -3.612779482429795e+20, 7.225558964859589e+20
24.524524524524526 , -3.992533057904196e+20, 7.985066115808391e+20
24.574574574574577 , -4.411916824985726e+20, 8.823833649971452e+20
24.624624624624627 , -4.8753104497562753e+20, 9.750620899512551e+20
24.674674674674677 , -5.3876081018219725e+20, 1.0775216203643948e+21
24.724724724724727 , -5.95421845431319e+20, 1.190843690862638e+21
24.774774774774777 , -6.581064683884534e+20, 1.3162129367769067e+21
24.824824824824827 , -7.274584470714854e+20, 1.454916894142971e+21
24.874874874874877 , -8.041729998507242e+20, 1.6083459997014486e+21
24.924924924924927 , -8.889967954489024e+20, 1.777993590897805e+21
24.974974974974977 , -9.827279529411772e+20, 1.9654559058823547e+21
25.025025025025027 , -1.086241681005213e+21, 2.172483362010426e+21
25.075075075075077 , -1.2007385648140711e+21, 2.4014771296281423e+21
25.125125125125127 , -1.3272610661882703e+21, 2.6545221323765407e+21
25.175175175175177 , -1.4669515379504946e+21, 2.933903075900989e+21
25.225225225225227 , -1.6211632848013883e+21, 3.2423265696027766e+21
25.275275275275277 , -1.791460563319558e+21, 3.582921126639116e+21
25.325325325325327 , -1.9796185819615708e+21, 3.9592371639231416e+21
25.375375375375377 , -2.187623501061956e+21, 4.375247002123912e+21
25.425425425425427 , -2.4176724328332033e+21, 4.835344865666407e+21
25.475475475475477 , -2.672173441365765e+21, 5.34434688273153e+21
25.525525525525527 , -2.9537455426280526e+21, 5.907491085256105e+21
25.575575575575577 , -3.2652187044664406e+21, 6.530437408932882e+21
25.625625625625627 , -3.609633846605265e+21, 7.219267693210532e+21
25.675675675675677 , -3.9902428406468224e+21, 7.980485681293646e+21
25.725725725725727 , -4.410562313393504e+21, 8.821124626787008e+21
25.775775775775777 , -4.875437378518611e+21, 9.75087475703722e+21
25.825825825825827 , -5.389209676408456e+21, 1.0778419352816912e+22
25.875875875875877 , -5.956478918471614e+21, 1.1912957836943226e+22
25.925925925925927 , -6.582709741092265e+21, 1.3165419482184528e+22
25.975975975975977 , -7.274231705630201e+21, 1.4548463411260402e+22
26.026026026026027 , -8.038239298420824e+21, 1.6076478596841646e+22
26.076076076076077 , -8.882791930775143e+21, 1.7765583861550282e+22
26.126126126126128 , -9.816813938979774e+21, 1.9633627877959547e+22
26.176176176176178 , -1.0850094584296949e+22, 2.1700189168593898e+22
26.226226226226228 , -1.1993288052964501e+22, 2.3986576105929007e+22
26.276276276276278 , -1.3257913456195883e+22, 2.6515826912391766e+22
26.326326326326328 , -1.465635483018015e+22, 2.93127096603603e+22
26.376376376376378 , -1.620186113608196e+22, 3.240372227216392e+22
26.426426426426428 , -1.7908625291340312e+22, 3.5817250582680624e+22
26.476476476476478 , -1.979605186738496e+22, 3.959210373476993e+22
26.526526526526528 , -2.1882318527403143e+22, 4.3764637054806295e+22
26.576576576576578 , -2.418593993625644e+22, 4.837187987251289e+22
26.626626626626628 , -2.6728977042540247e+22, 5.345795408508051e+22
26.676676676676678 , -2.9537037078583782e+22, 5.907407415716758e+22
26.726726726726728 , -3.2639273560450076e+22, 6.527854712090016e+22
26.776776776776778 , -3.6068386287935977e+22, 7.2136772575871954e+22
26.826826826826828 , -3.986062134457218e+22, 7.972124268914432e+22
26.876876876876878 , -4.405577109762314e+22, 8.811154219524622e+22
26.926926926926928 , -4.8697174198087185e+22, 9.739434839617427e+22
26.976976976976978 , -5.383171558069644e+22, 1.0766343116139272e+23
27.027027027027028 , -5.950982646391684e+22, 1.1901965292783346e+23
27.077077077077078 , -6.578548434994816e+22, 1.3157096869989602e+23
27.127127127127128 , -7.271624676189489e+22, 1.4543249352378972e+23
27.177177177177178 , -8.037917054209742e+22, 1.607583410841948e+23
27.227227227227228 , -8.885075750566615e+22, 1.7770151501133222e+23
27.27727727727728 , -9.820550668295348e+22, 1.9641101336590685e+23
27.32732732732733 , -1.0853245724209882e+23, 2.1706491448419754e+23
27.37737737737738 , -1.1993518848902856e+23, 2.39870376978057e+23
27.42742742742743 , -1.3253181986745602e+23, 2.650636397349119e+23
27.47747747747748 , -1.4645501095888155e+23, 2.9291002191776297e+23
27.52752752752753 , -1.618519614825924e+23, 3.237039229651846e+23
27.57757757757758 , -1.7888441129566284e+23, 3.577688225913255e+23
27.62762762762763 , -1.9772864039295404e+23, 3.9545728078590796e+23
27.67767767767768 , -2.1857546890711423e+23, 4.371509378142283e+23
27.72772772772773 , -2.416302571085786e+23, 4.83260514217157e+23
27.77777777777778 , -2.671129054055691e+23, 5.342258108111379e+23
27.82782782782783 , -2.9525785434409503e+23, 5.905157086881897e+23
27.87787787787788 , -3.263686683316151e+23, 6.527373366632303e+23
27.92792792792793 , -3.6076840636998057e+23, 7.215368127399613e+23
27.97797797797798 , -3.9875690258613574e+23, 7.975138051722719e+23
28.02802802802803 , -4.4069343331475244e+23, 8.813868666295053e+23
28.07807807807808 , -4.869968909908294e+23, 9.73993781981659e+23
28.12812812812813 , -5.3814578414969257e+23, 1.0762915682993853e+24
28.17817817817818 , -5.946782374269952e+23, 1.1893564748539903e+24
28.22822822822823 , -6.571919915587177e+23, 1.3143839831174348e+24
28.27827827827828 , -7.263444033811673e+23, 1.452688806762334e+24
28.32832832832833 , -8.028524458309789e+23, 1.6057048916619572e+24
28.37837837837838 , -8.874927079451145e+23, 1.7749854158902282e+24
28.42842842842843 , -9.811013948608631e+23, 1.9622027897217246e+24
28.47847847847848 , -1.084574327815841e+24, 2.16914865563168e+24
28.52852852852853 , -1.198866944147991e+24, 2.39773388829598e+24
28.57857857857858 , -1.3251757242501826e+24, 2.650351448500364e+24
28.62862862862863 , -1.464857732585477e+24, 2.9297154651709533e+24
28.67867867867868 , -1.6191239028923206e+24, 3.2382478057846406e+24
28.72872872872873 , -1.7894235514760002e+24, 3.5788471029520004e+24
28.77877877877878 , -1.9774504269484485e+24, 3.954900853896897e+24
28.82882882882883 , -2.1851427102282443e+24, 4.3702854204564886e+24
28.87887887887888 , -2.4146830145406126e+24, 4.829366029081225e+24
28.92892892892893 , -2.668498385417424e+24, 5.336996770834848e+24
28.97897897897898 , -2.949260300697197e+24, 5.898520601394392e+24
29.02902902902903 , -3.2598846705250935e+24, 6.519769341050185e+24
29.07907907907908 , -3.603531837352923e+24, 7.207063674705843e+24
29.12912912912913 , -3.9836065759391415e+24, 7.967213151878277e+24
29.17917917917918 , -4.40375809334885e+24, 8.807516186697692e+24
29.22922922922923 , -4.867880028953796e+24, 9.73576005790758e+24
29.27927927927928 , -5.380698198383455e+24, 1.0761396396766908e+25
29.32932932932933 , -5.947877440554674e+24, 1.1895754881109346e+25
29.37937937937938 , -6.57432922373196e+24, 1.3148658447463917e+25
29.42942942942943 , -7.265898501419988e+24, 1.4531797002839975e+25
29.47947947947948 , -8.029432425392101e+24, 1.6058864850784199e+25
29.52952952952953 , -8.8727803456903e+24, 1.77455606913806e+25
29.57957957957958 , -9.80479381062525e+24, 1.960958762125051e+25
29.62962962962963 , -1.0835326566776286e+25, 2.167065313355258e+25
29.67967967967968 , -1.1975234558991392e+25, 2.3950469117982806e+25
29.72972972972973 , -1.323637593038723e+25, 2.647275186077449e+25
29.77977977977978 , -1.4631611022349113e+25, 2.9263222044698274e+25
29.82982982982983 , -1.6174802374531025e+25, 3.2349604749062107e+25
29.87987987987988 , -1.788081472485561e+25, 3.5761629449711293e+25
29.929929929929934 , -1.9765515009514315e+25, 3.953103001902872e+25
29.979979979979984 , -2.184761469772303e+25, 4.3695229395446065e+25
30.030030030030034 , -2.4150616284638146e+25, 4.83012325692763e+25
30.080080080080084 , -2.669453164306826e+25, 5.338906328613653e+25
30.130130130130134 , -2.9502926364106414e+25, 5.9005852728212845e+25
30.180180180180184 , -3.2603475157576685e+25, 6.5206950315153395e+25
30.230230230230234 , -3.6027961852034197e+25, 7.205592370406843e+25
30.280280280280284 , -3.981227939476511e+25, 7.962455878953026e+25
30.330330330330334 , -4.399642985178662e+25, 8.79928597035733e+25
30.380380380380384 , -4.862452440784696e+25, 9.724904881569404e+25
30.430430430430434 , -5.374478336642545e+25, 1.0748956673285104e+26
30.480480480480484 , -5.940953614973237e+25, 1.1881907229946492e+26
30.530530530530534 , -6.567522129870909e+25, 1.3135044259741845e+26
30.580580580580584 , -7.260238647302804e+25, 1.4520477294605639e+26
30.630630630630634 , -8.025568845109265e+25, 1.605113769021857e+26
30.680680680680684 , -8.87094211544002e+25, 1.774188423088004e+26
30.730730730730734 , -9.806049978283321e+25, 1.9612099956566643e+26
30.780780780780784 , -1.0839085859748268e+26, 2.167817171949653e+26
30.830830830830834 , -1.1979548169262549e+26, 2.3959096338525094e+26
30.880880880880884 , -1.3238620098324802e+26, 2.64772401966496e+26
30.930930930930934 , -1.462916962050461e+26, 2.925833924100922e+26
30.980980980980984 , -1.6165749491442513e+26, 3.2331498982885034e+26
31.031031031031034 , -1.786459724884999e+26, 3.572919449769999e+26
31.081081081081084 , -1.974363521250948e+26, 3.948727042501897e+26
31.131131131131134 , -2.182247048427435e+26, 4.364494096854873e+26
31.181181181181184 , -2.412239494806894e+26, 4.824478989613792e+26
31.231231231231234 , -2.6666385269888523e+26, 5.33327705397771e+26
31.281281281281284 , -2.9479102897799333e+26, 5.895820579559872e+26
31.331331331331334 , -3.258689406193853e+26, 6.517378812387714e+26
31.381381381381384 , -3.6019350880347015e+26, 7.203870176069406e+26
31.431431431431434 , -3.9816190329016955e+26, 7.963238065803394e+26
31.481481481481485 , -4.401112854188459e+26, 8.802225708376923e+26
31.531531531531535 , -4.8642438683076586e+26, 9.728487736615323e+26
31.581581581581585 , -5.3755301701119054e+26, 1.0751060340223818e+27
31.631631631631635 , -5.940180632893761e+26, 1.1880361265787528e+27
31.681681681681685 , -6.564094908385731e+26, 1.3128189816771474e+27
31.731731731731735 , -7.253863426760276e+26, 1.450772685352056e+27
31.781781781781785 , -8.016767396629794e+26, 1.6033534793259602e+27
31.831831831831835 , -8.86077880504664e+26, 1.7721557610093297e+27
31.881881881881885 , -9.794560417503114e+26, 1.9589120835006245e+27
31.931931931931935 , -1.082746577793146e+27, 2.1654931555862943e+27
31.981981981981985 , -1.1969539208703874e+27, 2.3939078417407775e+27
32.032032032032035 , -1.32315158106325e+27, 2.646303162126504e+27
32.08208208208208 , -1.4625224500467412e+27, 2.9250449000934814e+27
32.132132132132135 , -1.6166837203715478e+27, 3.2333674407430946e+27
32.18218218218218 , -1.7870300571547327e+27, 3.5740601143094637e+27
32.232232232232235 , -1.9751031758132055e+27, 3.9502063516264087e+27
32.28228228228228 , -2.1827280182185925e+27, 4.365456036437183e+27
32.332332332332335 , -2.4120127526974528e+27, 4.8240255053949033e+27
32.38238238238238 , -2.665348774031037e+27, 5.330697548062074e+27
32.432432432432435 , -2.9454107034555564e+27, 5.890821406911113e+27
32.48248248248248 , -3.255156388661884e+27, 6.51031277732377e+27
32.532532532532535 , -3.5978269037958837e+27, 7.19565380759177e+27
32.58258258258258 , -3.97694654945805e+27, 7.953893098916103e+27
32.632632632632635 , -4.3963228527039026e+27, 8.792645705407811e+27
32.68268268268268 , -4.860046567043551e+27, 9.72009313408711e+27
32.732732732732735 , -5.372491672442179e+27, 1.0744983344884364e+28
32.78278278278278 , -5.938405291928694e+27, 1.1876810583857396e+28
32.832832832832835 , -6.564327411093919e+27, 1.3128654822187847e+28
32.88288288288288 , -7.256057611472958e+27, 1.4512115222945925e+28
32.932932932932935 , -8.019804234785771e+27, 1.6039608469571551e+28
32.98298298298298 , -8.86293688112464e+27, 1.7725873762249288e+28
33.033033033033036 , -9.793986408955033e+27, 1.958797281791007e+28
33.08308308308308 , -1.0822644935114642e+28, 2.1645289870229285e+28
33.133133133133136 , -1.1959765834814454e+28, 2.39195316696289e+28
33.18318318318318 , -1.3217363741637565e+28, 2.643472748327512e+28
33.233233233233236 , -1.4608614547540491e+28, 2.921722909508096e+28
33.28328328328328 , -1.6147855402851717e+28, 3.2295710805703394e+28
33.333333333333336 , -1.7850584716273298e+28, 3.5701169432546543e+28
33.38338338338338 , -1.9733462154879095e+28, 3.946692430975812e+28
33.433433433433436 , -2.1814308644116717e+28, 4.362861728823336e+28
33.48348348348348 , -2.4112257916734812e+28, 4.822451583346961e+28
33.533533533533536 , -2.665356248169099e+28, 5.330712496338196e+28
33.58358358358358 , -2.94624671968232e+28, 5.892493439364639e+28
33.633633633633636 , -3.2563964204259834e+28, 6.512792840851967e+28
33.68368368368368 , -3.5987806928081645e+28, 7.197561385616329e+28
33.733733733733736 , -3.9768510074325295e+28, 7.95370201486506e+28
33.78378378378378 , -4.394534963097946e+28, 8.789069926195894e+28
33.833833833833836 , -4.856236286798913e+28, 9.712472573597827e+28
33.88388388388388 , -5.3668348337250825e+28, 1.0733669667450167e+29
33.933933933933936 , -5.931686587261792e+28, 1.1863373174523585e+29
33.98398398398398 , -6.5566236589894745e+28, 1.311324731797895e+29
34.034034034034036 , -7.247954288684311e+28, 1.449590857736862e+29
34.08408408408408 , -8.01246284431751e+28, 1.6024925688635017e+29
34.134134134134136 , -8.857409822056099e+28, 1.7714819644112197e+29
34.18418418418419 , -9.790543598036731e+28, 1.9581087196073463e+29
34.234234234234236 , -1.0822316071571002e+29, 2.1644632143142004e+29
34.28428428428429 , -1.196291567422134e+29, 2.3925831348442675e+29
34.334334334334336 , -1.3222399730335745e+29, 2.644479946067148e+29
34.38438438438439 , -1.4612777740141963e+29, 2.9225555480283913e+29
34.434434434434436 , -1.6148011379746038e+29, 3.2296022759492055e+29
34.48448448448449 , -1.7844014501133903e+29, 3.568802900226779e+29
34.53453453453454 , -1.9718653132169637e+29, 3.9437306264339254e+29
34.58458458458459 , -2.1791745476597386e+29, 4.358349095319476e+29
34.63463463463464 , -2.408506191403923e+29, 4.817012382807845e+29
34.68468468468469 , -2.6622324999997545e+29, 5.3244649999995084e+29
34.73473473473474 , -2.94292094658524e+29, 5.88584189317048e+29
34.78478478478479 , -3.253334221886443e+29, 6.506668443772886e+29
34.83483483483484 , -3.5964302342171646e+29, 7.192860468434329e+29
34.88488488488489 , -3.9753621094793004e+29, 7.9507242189586e+29
34.93493493493494 , -4.3942538830163886e+29, 8.788507766032779e+29
34.98498498498499 , -4.857407386243018e+29, 9.714814772486037e+29
35.03503503503504 , -5.368868913654981e+29, 1.0737737827309964e+30
35.08508508508509 , -5.9334847008473314e+29, 1.1866969401694664e+30
35.13513513513514 , -6.556901396139699e+29, 1.31138027922794e+30
35.18518518518519 , -7.24556606057693e+29, 1.449113212115386e+30
35.23523523523524 , -8.006726167928385e+29, 1.601345233585677e+30
35.28528528528529 , -8.84842960468871e+29, 1.7696859209377423e+30
35.33533533533534 , -9.779524670076985e+29, 1.955904934015397e+30
35.38538538538539 , -1.0809660076037668e+30, 2.1619320152075338e+30
35.43543543543544 , -1.1949284947239545e+30, 2.389856989447909e+30
35.48548548548549 , -1.3209648821076896e+30, 2.641929764215379e+30
35.53553553553554 , -1.460280164766821e+30, 2.920560329533642e+30
35.58558558558559 , -1.6141593789857596e+30, 3.228318757971519e+30
35.63563563563564 , -1.7842270877405833e+30, 3.5684541754811667e+30
35.68568568568569 , -1.97229373897943e+30, 3.94458747795886e+30
35.73573573573574 , -2.1799915837012795e+30, 4.359983167402559e+30
35.78578578578579 , -2.4092757364643255e+30, 4.818551472928651e+30
35.83583583583584 , -2.6624294894959877e+30, 5.324858978991975e+30
35.88588588588589 , -2.9420643126931747e+30, 5.884128625386349e+30
35.93593593593594 , -3.2511198536219933e+30, 6.502239707243987e+30
35.98598598598599 , -3.59286393751807e+30, 7.18572787503614e+30
36.03603603603604 , -3.970892567286195e+30, 7.94178513457239e+30
36.08608608608609 , -4.3891299235007166e+30, 8.778259847001433e+30
36.13613613613614 , -4.8518283644051056e+30, 9.703656728810211e+30
36.18618618618619 , -5.363568425912435e+30, 1.072713685182487e+31
36.23623623623624 , -5.929258821604853e+30, 1.1858517643209706e+31
36.28628628628629 , -6.554136442734164e+30, 1.3108272885468328e+31
36.33633633633634 , -7.244613795848657e+30, 1.4489227591697314e+31
36.38638638638639 , -8.00826191139174e+30, 1.6016523822783482e+31
36.43643643643644 , -8.851692695961527e+30, 1.7703385391923056e+31
36.48648648648649 , -9.782791560169641e+30, 1.9565583120339286e+31
36.53653653653654 , -1.0810789477726247e+31, 2.16215789554525e+31
36.58658658658659 , -1.1946262985441113e+31, 2.3892525970882226e+31
36.63663663663664 , -1.3201134183222428e+31, 2.6402268366444857e+31
36.68668668668669 , -1.4588670734078113e+31, 2.9177341468156225e+31
36.73673673673674 , -1.612348586411438e+31, 3.224697172822875e+31
36.78678678678679 , -1.7821538362537313e+31, 3.564307672507461e+31
36.83683683683684 , -1.9700132581651127e+31, 3.940026516330223e+31
36.88688688688689 , -2.1777918436860094e+31, 4.355583687372016e+31
36.93693693693694 , -2.40748914066664e+31, 4.814978281333275e+31
36.98698698698699 , -2.6612392532672533e+31, 5.3224785065345e+31
37.03703703703704 , -2.9415792735997015e+31, 5.883158547199403e+31
37.08708708708709 , -3.251655855100114e+31, 6.503311710200227e+31
37.13713713713714 , -3.5941593845193583e+31, 7.188318769038717e+31
37.18718718718719 , -3.9722693482271233e+31, 7.9445386964542465e+31
37.23723723723724 , -4.389716927672297e+31, 8.779433855344594e+31
37.28728728728729 , -4.850784999383396e+31, 9.701569998766792e+31
37.33733733733734 , -5.360308134968091e+31, 1.0720616269936186e+32
37.38738738738739 , -5.923672601113734e+31, 1.1847345202227471e+32
37.43743743743744 , -6.54681635958677e+31, 1.3093632719173549e+32
37.48748748748749 , -7.236229067233392e+31, 1.4472458134466795e+32
37.53753753753754 , -7.998952075978818e+31, 1.599790415195765e+32
37.58758758758759 , -8.842578432828082e+31, 1.768515686565619e+32
37.63763763763764 , -9.77525287986517e+31, 1.955050575973037e+32
37.68768768768769 , -1.0805671854253972e+32, 2.1611343708507986e+32
37.73773773773774 , -1.194390034187582e+32, 2.388780068375164e+32
37.78778778778779 , -1.3202936946483396e+32, 2.640587389296679e+32
37.83783783783784 , -1.4593781160843415e+32, 2.9187562321686833e+32
37.88788788788789 , -1.6129249386634726e+32, 3.2258498773269455e+32
37.93793793793794 , -1.7824420033618452e+32, 3.5648840067236904e+32
37.98798798798799 , -1.9696633519639752e+32, 3.9393267039279504e+32
38.03803803803804 , -2.176549227062589e+32, 4.353098454125177e+32
38.08808808808809 , -2.405286072058835e+32, 4.8105721441176685e+32
38.13813813813814 , -2.6582865311620516e+32, 5.3165730623241e+32
38.18818818818819 , -2.9381894493900235e+32, 5.876378898780042e+32
38.23823823823824 , -3.2478598725686964e+32, 6.495719745137387e+32
38.28828828828829 , -3.5903890473324956e+32, 7.180778094664981e+32
38.33833833833834 , -3.969094421123971e+32, 7.93818884224793e+32
38.38838838838839 , -4.38751964219419e+32, 8.775039284388366e+32
38.43843843843844 , -4.8496698667668045e+32, 9.699339733533606e+32
38.48848848848849 , -5.36088175960501e+32, 1.0721763519210017e+33
38.53853853853854 , -5.925674928079779e+32, 1.1851349856159554e+33
38.58858858858859 , -6.5492141003412e+32, 1.3098428200682398e+33
38.63863863863864 , -7.237591451739325e+32, 1.4475182903478647e+33
38.68868868868869 , -7.997826604824862e+32, 1.599565320964972e+33
38.73873873873874 , -8.837866629348406e+32, 1.7675733258696807e+33
38.78878878878879 , -9.766586042261294e+32, 1.9533172084522583e+33
38.83883883883884 , -1.0793786807714658e+33, 2.1587573615429315e+33
38.88888888888889 , -1.1930198337060476e+33, 2.386039667412095e+33
38.93893893893894 , -1.31874774888504e+33, 2.63749549777008e+33
38.98898898898899 , -1.457820856883706e+33, 2.915641713767412e+33
39.03903903903904 , -1.611590332997263e+33, 3.223180665994526e+33
39.08908908908909 , -1.781500097241039e+33, 3.563000194482078e+33
39.13913913913914 , -1.9691494226431722e+33, 3.938298845286344e+33
39.18918918918919 , -2.1767154241358214e+33, 4.3534308482716433e+33
39.23923923923924 , -2.4060647941155251e+33, 4.812129588231051e+33
39.28928928928929 , -2.659278170641036e+33, 5.318556341282075e+33
39.33933933933934 , -2.938816454916691e+33, 5.877632909833385e+33
39.38938938938939 , -3.2475208112926976e+33, 6.495041622585399e+33
39.43943943943944 , -3.588612667264818e+33, 7.177225334529639e+33
39.48948948948949 , -3.965693713474716e+33, 7.931387426949437e+33
39.53953953953954 , -4.3827459037095775e+33, 8.765491807419161e+33
39.58958958958959 , -4.8441314549025285e+33, 9.688262909805062e+33
39.63963963963964 , -5.354592847132169e+33, 1.0709185694264342e+34
39.68968968968969 , -5.919252823623093e+33, 1.183850564724619e+34
39.73973973973974 , -6.543614390745312e+33, 1.3087228781490635e+34
39.78978978978979 , -7.233560818014893e+33, 1.4467121636029803e+34
39.83983983983984 , -7.995502622355636e+33, 1.5991005244711264e+34
39.88988988988989 , -8.838262057550962e+33, 1.767652411510192e+34
39.93993993993994 , -9.769589675955538e+33, 1.9539179351911077e+34
39.98998998998999 , -1.079786479383189e+34, 2.1595729587663783e+34
40.04004004004004 , -1.193302584649423e+34, 2.386605169298847e+34
40.090090090090094 , -1.318657038830964e+34, 2.637314077661929e+34
40.14014014014014 , -1.4571555092696766e+34, 2.914311018539355e+34
40.190190190190194 , -1.6102595752127264e+34, 3.2205191504254537e+34
40.24024024024024 , -1.77958672781242e+34, 3.55917345562484e+34
40.290290290290294 , -1.9669103701263806e+34, 3.9338207402527603e+34
40.34034034034034 , -2.1741598171173556e+34, 4.348319634234709e+34
40.390390390390394 , -2.4034202956534294e+34, 4.806840591306856e+34
40.44044044044044 , -2.656932944507787e+34, 5.313865889015569e+34
40.490490490490494 , -2.937094814358976e+34, 5.874189628717946e+34
40.54054054054054 , -3.246486378764459e+34, 6.492972757528914e+34
40.590590590590594 , -3.5886569025344234e+34, 7.177313805068844e+34
40.64064064064064 , -3.9668415158188867e+34, 7.933683031637773e+34
40.690690690690694 , -4.384413702178661e+34, 8.768827404357323e+34
40.74074074074074 , -4.845386200449644e+34, 9.69077240089929e+34
40.790790790790794 , -5.354411004743297e+34, 1.0708822009486595e+35
40.84084084084084 , -5.916779364446117e+34, 1.1833558728892235e+35
40.890890890890894 , -6.538421784220219e+34, 1.3076843568440439e+35
40.94094094094094 , -7.225908024002693e+34, 1.4451816048005386e+35
40.990990990990994 , -7.9864470990063185e+34, 1.5972894198012637e+35
41.04104104104104 , -8.82788727971877e+34, 1.7655774559437536e+35
41.091091091091094 , -9.758716091903494e+34, 1.9517432183806985e+35
41.14114114114114 , -1.0788060316598743e+35, 2.157612063319748e+35
41.191191191191194 , -1.1925685990118646e+35, 2.3851371980237285e+35
41.24124124124124 , -1.3182028366292482e+35, 2.6364056732584957e+35
41.291291291291294 , -1.4571253218524023e+35, 2.9142506437048038e+35
41.34134134134134 , -1.6106935179719396e+35, 3.2213870359438777e+35
41.391391391391394 , -1.7802651171328908e+35, 3.56053023426578e+35
41.44144144144144 , -1.967459912893442e+35, 3.934919825786883e+35
41.491491491491495 , -2.1741598002251275e+35, 4.348319600450254e+35
41.54154154154154 , -2.402508775512618e+35, 4.805017551025235e+35
41.591591591591595 , -2.654912936553954e+35, 5.309825873107909e+35
41.64164164164164 , -2.9340404825602872e+35, 5.868080965120576e+35
41.691691691691695 , -3.2428217141561672e+35, 6.485643428312338e+35
41.74174174174174 , -3.584449033379224e+35, 7.168898066758453e+35
41.791791791791795 , -3.962376943680519e+35, 7.924753887361045e+35
41.84184184184184 , -4.380322049924157e+35, 8.760644099848326e+35
41.891891891891895 , -4.8422630583877176e+35, 9.684526116775448e+35
41.94194194194194 , -5.352440807708458e+35, 1.0704881615416919e+36
41.991991991991995 , -5.916458671902898e+35, 1.1832917343805797e+36
42.04204204204204 , -6.5400418050340655e+35, 1.3080083610068134e+36
42.092092092092095 , -7.228652451449756e+35, 1.4457304902899515e+36
42.14214214214214 , -7.988827498968928e+35, 1.5977654997937857e+36
42.192192192192195 , -8.828178478882491e+35, 1.7656356957764982e+36
42.24224224224224 , -9.755391565952438e+35, 1.9510783131904875e+36
42.292292292292295 , -1.0780227578412802e+36, 2.1560455156825604e+36
42.34234234234234 , -1.1913521977968606e+36, 2.3827043955937218e+36
42.392392392392395 , -1.3167184869797022e+36, 2.6334369739594047e+36
42.44244244244244 , -1.4554201002546078e+36, 2.910840200509216e+36
42.492492492492495 , -1.6088629768336102e+36, 3.2177259536672205e+36
42.54254254254254 , -1.778560520275811e+36, 3.5571210405516226e+36
42.592592592592595 , -1.9661335984875604e+36, 3.9322671969751226e+36
42.64264264264264 , -2.1733105437222596e+36, 4.346621087444521e+36
42.692692692692695 , -2.4022975370057744e+36, 4.804595074011549e+36
42.74274274274275 , -2.6555085922937913e+36, 5.3110171845875826e+36
42.792792792792795 , -2.9351446369441184e+36, 5.870289273888237e+36
42.84284284284285 , -3.2438430437933055e+36, 6.487686087586611e+36
42.892892892892895 , -3.584681800849021e+36, 7.169363601698042e+36
42.94294294294295 , -3.961179511290402e+36, 7.922359022580806e+36
42.992992992992995 , -4.3772953934676697e+36, 8.754590786935339e+36
43.04304304304305 , -4.837429280902554e+36, 9.674858561805108e+36
43.093093093093096 , -5.346421622287822e+36, 1.0692843244575645e+37
43.14314314314315 , -5.909553481487805e+36, 1.1819106962975608e+37
43.193193193193196 , -6.532546537537809e+36, 1.3065093075075615e+37
43.24324324324325 , -7.221563084644768e+36, 1.444312616928953e+37
43.293293293293296 , -7.983206032186526e+36, 1.596641206437305e+37
43.34334334334335 , -8.82451890471263e+36, 1.7649037809425252e+37
43.393393393393396 , -9.754204607830839e+36, 1.950840921566168e+37
43.44344344344345 , -1.0782376560504934e+37, 2.1564753121009873e+37
43.493493493493496 , -1.1917939188260284e+37, 2.3835878376520572e+37
43.54354354354355 , -1.3171530430896152e+37, 2.634306086179231e+37
43.593593593593596 , -1.4555594796941205e+37, 2.911118959388242e+37
43.64364364364365 , -1.608438336365495e+37, 3.2168766727309907e+37
43.693693693693696 , -1.7773953777026149e+37, 3.55479075540523e+37
43.74374374374375 , -1.964217025177455e+37, 3.92843405035491e+37
43.793793793793796 , -2.1708703571348987e+37, 4.341740714269797e+37
43.84384384384385 , -2.399503108792949e+37, 4.799006217585898e+37
43.893893893893896 , -2.6524436722424936e+37, 5.304887344484986e+37
43.94394394394395 , -2.9322010964475655e+37, 5.864402192895131e+37
43.993993993993996 , -3.241465087245054e+37, 6.482930174490108e+37
44.04404404404405 , -3.5831060073450273e+37, 7.166212014690055e+37
44.094094094094096 , -3.9605646828024495e+37, 7.921129365604895e+37
44.14414414414415 , -4.378051886789718e+37, 8.756103773579433e+37
44.194194194194196 , -4.839186012743218e+37, 9.678372025486431e+37
44.24424424424425 , -5.3482567438551555e+37, 1.0696513487710303e+38
44.294294294294296 , -5.91029447557369e+37, 1.182058895114737e+38
44.34434434434435 , -6.531070315603515e+37, 1.306214063120702e+38
44.394394394394396 , -7.217096083905217e+37, 1.4434192167810424e+38
44.44444444444445 , -7.975624312695984e+37, 1.5951248625391957e+38
44.4944944944945 , -8.81464824644882e+37, 1.762929649289763e+38
44.54454454454455 , -9.742901841893414e+37, 1.9485803683786816e+38
44.5945945945946 , -1.0769859768015176e+38, 2.153971953603034e+38
44.64464464464465 , -1.1905737406056314e+38, 2.3811474812112616e+38
44.6946946946947 , -1.3161490849514635e+38, 2.6322981699029247e+38
44.74474474474475 , -1.4548816904144866e+38, 2.90976338082897e+38
44.7947947947948 , -1.6081354639020598e+38, 3.2162709278041214e+38
44.84484484484485 , -1.777652922819629e+38, 3.555305845639259e+38
44.8948948948949 , -1.9649113454518805e+38, 3.9298226909037626e+38
44.94494494494495 , -2.1716400328170808e+38, 4.343280065634162e+38
44.994994994995 , -2.399871985780165e+38, 4.799743971560331e+38
45.04504504504505 , -2.651943905052975e+38, 5.30388781010595e+38
45.0950950950951 , -2.9304961911939986e+38, 5.860992382387996e+38
45.14514514514515 , -3.238472944608653e+38, 6.476945889217305e+38
45.1951951951952 , -3.5791219655489764e+38, 7.158243931097951e+38
45.24524524524525 , -3.955994754113968e+38, 7.911989508227933e+38
45.2952952952953 , -4.372946510249208e+38, 8.745893020498414e+38
45.34534534534535 , -4.834136133747283e+38, 9.668272267494566e+38
45.3953953953954 , -5.344026224247315e+38, 1.0688052448494627e+39
45.44544544544545 , -5.907383081235478e+38, 1.1814766162470954e+39
45.4954954954955 , -6.529629068395231e+38, 1.3059258136790462e+39
45.54554554554555 , -7.217931096318602e+38, 1.4435862192637203e+39
45.5955955955956 , -7.978350278536985e+38, 1.595670055707397e+39
45.64564564564565 , -8.817855919725562e+38, 1.7635711839451126e+39
45.6956956956957 , -9.744662526000772e+38, 1.9489325052001544e+39
45.74574574574575 , -1.0768229804921278e+39, 2.1536459609842556e+39
45.7957957957958 , -1.1899262665486901e+39, 2.3798525330973796e+39
45.84584584584585 , -1.3149711218139793e+39, 2.6299422436279586e+39
45.8958958958959 , -1.4532770774763155e+39, 2.9065541549526304e+39
45.94594594594595 , -1.6062881848682642e+39, 3.212576369736528e+39
45.995995995996 , -1.7755730154664807e+39, 3.551146030932961e+39
46.04604604604605 , -1.962824660891883e+39, 3.925649321783766e+39
46.0960960960961 , -2.1698607329094604e+39, 4.33972146581892e+39
46.14614614614615 , -2.3986233634284856e+39, 4.7972467268569706e+39
46.1961961961962 , -2.6512754720422767e+39, 5.3025509440845533e+39
46.24624624624625 , -2.9307463100700506e+39, 5.8614926201401e+39
46.2962962962963 , -3.2395354633279325e+39, 6.479070926655864e+39
46.34634634634635 , -3.58045080408408e+39, 7.160901608168158e+39
46.3963963963964 , -3.956810750346571e+39, 7.91362150069314e+39
46.44644644644645 , -4.372444265863796e+39, 8.744888531727589e+39
46.4964964964965 , -4.831690860124023e+39, 9.663381720248045e+39
46.54654654654655 , -5.33940058835588e+39, 1.0678801176711761e+40
46.5965965965966 , -5.900934051527823e+39, 1.180186810305565e+40
46.64664664664665 , -6.522162396348721e+39, 1.3044324792697447e+40
46.6966966966967 , -7.209467315267213e+39, 1.4418934630534433e+40
46.74674674674675 , -7.969741046472415e+39, 1.5939482092944842e+40
46.7967967967968 , -8.810386373893139e+39, 1.7620772747786292e+40
46.84684684684685 , -9.739316627198758e+39, 1.9478633254397535e+40
46.8968968968969 , -1.0765191647957929e+40, 2.1530383295915865e+40
46.94694694694695 , -1.1899905193177573e+40, 2.379981038635515e+40
46.996996996997 , -1.3153819704161197e+40, 2.6307639408322403e+40
47.04704704704705 , -1.45382443218778e+40, 2.9076488643755607e+40
47.0970970970971 , -1.6066581478742352e+40, 3.2133162957484714e+40
47.14714714714715 , -1.7754326898617396e+40, 3.55086537972348e+40
47.1971971971972 , -1.961906959681129e+40, 3.9238139193622593e+40
47.24724724724725 , -2.168049188008014e+40, 4.3360983760160297e+40
47.2972972972973 , -2.3960369346625673e+40, 4.792073869325137e+40
47.34734734734735 , -2.6482570886097574e+40, 5.296514177219518e+40
47.3973973973974 , -2.9273058679590905e+40, 5.854611735918187e+40
47.44744744744745 , -3.2359888199648986e+40, 6.471977639929802e+40
47.4974974974975 , -3.577320821026018e+40, 7.154641642052042e+40
47.54754754754755 , -3.9545260766861437e+40, 7.909052153372295e+40
47.5975975975976 , -4.371086092165567e+40, 8.742172184331132e+40
47.64764764764765 , -4.831796172328551e+40, 9.663592344657103e+40
47.6976976976977 , -5.34097504121293e+40, 1.0681950082425859e+41
47.74774774774775 , -5.903176156837258e+40, 1.1806352313674515e+41
47.7977977977978 , -6.523811248817565e+40, 1.3047622497635127e+41
47.84784784784785 , -7.209150318367984e+40, 1.4418300636735967e+41
47.8978978978979 , -7.966321638300052e+40, 1.5932643276600104e+41
47.94794794794795 , -8.803311753023494e+40, 1.760662350604698e+41
47.997997997998 , -9.728965478545341e+40, 1.945793095709068e+41
48.04804804804805 , -1.0752985902470912e+41, 2.1505971804941824e+41
48.0980980980981 , -1.188593438400274e+41, 2.377186876800548e+41
48.14814814814815 , -1.3139230553941744e+41, 2.6278461107883484e+41
48.1981981981982 , -1.4525152314685929e+41, 2.905030462937186e+41
48.24824824824825 , -1.6056835840231836e+41, 3.211367168046368e+41
48.2982982982983 , -1.774834082030593e+41, 3.549668164061186e+41
48.34834834834835 , -1.961885214191951e+41, 3.923770428383901e+41
48.3983983983984 , -2.1686463857420404e+41, 4.337292771484081e+41
48.44844844844845 , -2.396950363898895e+41, 4.793900727797791e+41
48.4984984984985 , -2.6489818162986337e+41, 5.297963632597269e+41
48.54854854854855 , -2.9272773109957244e+41, 5.854554621991451e+41
48.5985985985986 , -3.2347253164626947e+41, 6.469450632925393e+41
48.64864864864865 , -3.57456620159045e+41, 7.149132403180903e+41
48.6986986986987 , -3.9503922356879205e+41, 7.900784471375849e+41
48.74874874874875 , -4.366147588482456e+41, 8.73229517696492e+41
48.7987987987988 , -4.826128330119387e+41, 9.652256660238786e+41
48.84884884884885 , -5.334982431162506e+41, 1.0669964862325028e+42
48.8988988988989 , -5.8977097625935425e+41, 1.1795419525187104e+42
48.94894894894895 , -6.519662095812739e+41, 1.3039324191625502e+42
48.998998998999 , -7.206544861497544e+41, 1.4413089722995087e+42
49.04904904904905 , -7.965967455550872e+41, 1.5931934911101748e+42
49.0990990990991 , -8.805549931229331e+41, 1.7611099862458663e+42
49.14914914914915 , -9.73266660957409e+41, 1.9465333219148185e+42
49.1991991991992 , -1.0756134640500249e+42, 2.1512269281000504e+42
49.24924924924925 , -1.1886214002797897e+42, 2.3772428005595797e+42
49.2992992992993 , -1.3134607504130933e+42, 2.626921500826187e+42
49.34934934934935 , -1.4514460781038373e+42, 2.9028921562076745e+42
49.3993993993994 , -1.604036229893291e+42, 3.2080724597865817e+42
49.44944944944945 , -1.7728343352102502e+42, 3.545668670420499e+42
49.4994994994995 , -1.9595878063708606e+42, 3.9191756127417194e+42
49.54954954954955 , -2.1661883385788157e+42, 4.332376677157628e+42
49.5995995995996 , -2.394671909925135e+42, 4.789343819850267e+42
49.64964964964965 , -2.64721878138841e+42, 5.294437562776816e+42
49.6996996996997 , -2.926153496834536e+42, 5.852306993669065e+42
49.74974974974975 , -3.234241480295554e+42, 6.468482960591105e+42
49.7997997997998 , -3.574757150815228e+42, 7.149514301630452e+42
49.84984984984985 , -3.951095998066065e+42, 7.902191996132126e+42
49.8998998998999 , -4.3670542835596245e+42, 8.734108567119245e+42
49.94994994994995 , -4.826830202943937e+42, 9.65366040588787e+42
50.0 , -5.3350238860030275e+42, 1.0670047772006048e+43
